0
0
0.116667
0.116667
0.116667
0.116667
0.116667
0.116667
0.116667
-1.262879e-15
0.116667
0.116667
3.700743e-15
-1.515454e-13
9.575674e-15
-8.881784e-16
0
0.116667
0.116667
0.116667
0.116667
0.116667
0
0
-2.23821e-13
1.212089e-14
-1.136868e-13
0
0
0
0.116667
0
0.006593315
0.116667
0.116667
0.006593315
0
0
0.116667
0.116667
0.116667
0.116667
0.116667
0.116667
0
0
0.116667
2.753353e-14
0.116667
2.842171e-14
0.116667
0.116667
0.116667
-4.392485e-16
0.116667
5.107026e-15
0.116667
0
0.116667
0.116667
0.116667
0.116667
0
0
0
0
0.116667
0.116667
0.116667
0.116667
0.116667
0.1
0
0.116667
0.116667
0
0
0
-6.424253e-17
0
0.116667
0
0.116667
-6.449552e-14
0.116667
-1.455296e-13
0.116667
0.116667
0.116667
0.116667
0.116667
0.116667
-2.700062e-13
-3.090861e-13
-2.959855e-13
-1.048056e-13
-8.038015e-14
8.012276e-14
-1.352252e-13
-1.056932e-13
0.116667
-4.796163e-14
-4.973799e-14
0.116667
-2.127376e-13
-6.10664e-14
0.116667
-1.602391e-13
0.116667
0.116667
-1.812994e-13
0.116667
0.116667
0.116667
-2.198538e-13
0.116667
0.116667
-1.010851e-13
-1.010851e-13
-7.21645e-14
0.116667
-1.776357e-15
0
0.116667
0.116667
0.116667
0.116667
0.116667
0.116667
0.116667
0.116667
0.116667
0.116667
0.116667
0.116667
0.116667
0.116667
0.116667
0.116667
-1.6017e-13
0.116667
1.416114e-14
1.427563e-14
-4.618528e-14
-2.851173e-13
-3.126388e-13
-2.548896e-13
-5.506706e-14
-3.175488e-13-1.47112e-13

0.116667
0.116667
0;
0.116667;
0.116667;
0;
0.116667;
0.116667;
0.116667;
0.116667;
0.116667;
0.116667;
6.288;
0.116667;
0;
0.116667;
0.116667;
0.116667;
0.116667;
0.116667;
0.116666999999985;
0.116667;
